0.647127 
0.900310 
0.822930 
0.077948 
0.106890 
0.945967 
0.690878 
0.887891 
0.711705 
0.772899 
0.573716 
0.615036 
0.150163 
0.272558 
0.493871 
0.484246 
0.459865 
0.824620 
0.045925 
0.569562 
0.660469 
0.911377 
0.337544 
0.390633 
0.623501 
0.381176 
0.086298 
0.319724 
0.170588 
0.692604 
0.424178 
0.805456 
0.561405 
0.166839 
0.532645 
0.760144 
0.251930 
0.544461 
0.470790 
0.638721 
0.098626 
0.291508 
0.016109 
0.421384 
0.203515 
0.851155 
0.290837 
0.511737 
0.286688 
0.459572 
0.414978 
0.012447 
0.891238 
0.256381 
0.492002 
0.456318 
0.914999 
0.775550 
0.359059 
0.117805 
0.310922 
0.190268 
0.625572 
0.454002 
0.380582 
0.731592 
0.133290 
0.462468 
0.300946 
0.386555 
0.613950 
0.383575 
0.590700 
0.460058 
0.356060 
0.512333 
0.546824 
0.268742 
0.404606 
0.084655 
0.636317 
0.580749 
0.560285 
0.794135 
0.762064 
0.654178 
0.023564 
0.904964 
0.196878 
0.564023 
0.942885 
0.219920 
0.778958 
0.662105 
0.211405 
0.968752 
0.563006 
0.617329 
0.592717 
0.984521 
